---
maxVel: 58.0
maxAccel: 45.0
maxAngVel: 6.283185307179586
maxAngAccel: 6.283185307179586
robotLength: 18.0
robotWidth: 15.0
driveType: "MECANUM"
trackWidth: 15.0
lateralMultiplier: 1.0
